#result of wc vendor2.csv
4505249  13515747 572448542 vendor2.csv


#result of head -10 no-separators.csv
vendorid tpep_pickup_datetime tpep_dropoff_datetime passenger_count trip_distance ratecodeid store_and_fwd_flag pulocationid dolocationid payment_type fare_amount extra mta_tax tip_amount tolls_amount improvement_surcharge total_amount congestion_surcharge
1.0  2019-11-01 00 30 41.000000   2019-11-01 00 32 25.000000  1.0 0.0 1.0 N 145.0 145.0 2.0 3.0 0.5 0.5 0.0 0.0 0.3 4.3 0.0
1.0  2019-11-01 00 34 01.000000   2019-11-01 00 34 09.000000  1.0 0.0 1.0 N 145.0 145.0 2.0 2.5 0.5 0.5 0.0 0.0 0.3 3.8 0.0
2.0  2019-11-01 00 41 59.000000   2019-11-01 00 42 23.000000  1.0 0.0 1.0 N 193.0 193.0 1.0 2.5 0.5 0.5 0.95 0.0 0.3 4.75 0.0
2.0  2019-11-01 00 02 39.000000   2019-11-01 00 02 51.000000  1.0 0.0 1.0 N 193.0 193.0 1.0 2.5 0.5 0.5 0.95 0.0 0.3 4.75 0.0
2.0  2019-11-01 00 18 30.000000   2019-11-01 00 18 39.000000  2.0 0.0 1.0 N 226.0 226.0 2.0 2.5 0.0 0.5 0.0 0.0 0.3 3.3 0.0
1.0  2019-11-01 00 35 48.000000   2019-11-01 01 13 12.000000  1.0 8.5 1.0 N 138.0 161.0 1.0 32.0 3.0 0.5 8.35 6.12 0.3 50.27 2.5
1.0  2019-11-01 00 02 59.000000   2019-11-01 00 05 26.000000  1.0 0.3 1.0 N 239.0 142.0 2.0 3.5 3.0 0.5 0.0 0.0 0.3 7.3 2.5
1.0  2019-11-01 00 11 43.000000   2019-11-01 00 19 43.000000  1.0 1.9 1.0 N 142.0 262.0 2.0 8.5 3.0 0.5 0.0 0.0 0.3 12.3 2.5
1.0  2019-11-01 00 11 34.000000   2019-11-01 00 18 02.000000  1.0 0.5 1.0 N 246.0 186.0 2.0 5.5 3.0 0.5 0.0 0.0 0.3 9.3 2.5


#result of head -10 no-fractions.csv
vendorid tpep_pickup_datetime tpep_dropoff_datetime passenger_count trip_distance ratecodeid store_and_fwd_flag pulocationid dolocationid payment_type fare_amount extra mta_tax tip_amount tolls_amount improvement_surcharge total_amount congestion_surcharge
1 0  2019-11-01 00 30 41 000000   2019-11-01 00 32 25 000000  1 0 0 0 1 0 N 145 0 145 0 2 0 3 0 0 5 0 5 0 0 0 0 0 3 4 3 0 0
1 0  2019-11-01 00 34 01 000000   2019-11-01 00 34 09 000000  1 0 0 0 1 0 N 145 0 145 0 2 0 2 5 0 5 0 5 0 0 0 0 0 3 3 8 0 0
2 0  2019-11-01 00 41 59 000000   2019-11-01 00 42 23 000000  1 0 0 0 1 0 N 193 0 193 0 1 0 2 5 0 5 0 5 0 95 0 0 0 3 4 75 0 0
2 0  2019-11-01 00 02 39 000000   2019-11-01 00 02 51 000000  1 0 0 0 1 0 N 193 0 193 0 1 0 2 5 0 5 0 5 0 95 0 0 0 3 4 75 0 0
2 0  2019-11-01 00 18 30 000000   2019-11-01 00 18 39 000000  2 0 0 0 1 0 N 226 0 226 0 2 0 2 5 0 0 0 5 0 0 0 0 0 3 3 3 0 0
1 0  2019-11-01 00 35 48 000000   2019-11-01 01 13 12 000000  1 0 8 5 1 0 N 138 0 161 0 1 0 32 0 3 0 0 5 8 35 6 12 0 3 50 27 2 5
1 0  2019-11-01 00 02 59 000000   2019-11-01 00 05 26 000000  1 0 0 3 1 0 N 239 0 142 0 2 0 3 5 3 0 0 5 0 0 0 0 0 3 7 3 2 5
1 0  2019-11-01 00 11 43 000000   2019-11-01 00 19 43 000000  1 0 1 9 1 0 N 142 0 262 0 2 0 8 5 3 0 0 5 0 0 0 0 0 3 12 3 2 5
1 0  2019-11-01 00 11 34 000000   2019-11-01 00 18 02 000000  1 0 0 5 1 0 N 246 0 186 0 2 0 5 5 3 0 0 5 0 0 0 0 0 3 9 3 2 5
