      1 2.0,"2019-12-23 23:23:19.000000","2019-12-23 23:45:36.000000",1.0,4.12,1.0,N,13.0,234.0,1.0,18.0,0.0,0.5,5.32,0.0,0.3,26.62,2.5
      1 2.0,"2019-09-30 23:58:48.000000","2019-10-01 00:06:53.000000",1.0,1.85,1.0,N,234.0,48.0,1.0,8.5,0.5,0.5,2.46,0.0,0.3,14.76,2.5
      1 2.0,"2019-09-30 23:58:21.000000","2019-10-01 00:13:58.000000",1.0,5.5,1.0,N,234.0,238.0,1.0,18.5,0.5,0.5,4.46,0.0,0.3,26.76,2.5
      1 2.0,"2019-09-30 23:58:04.000000","2019-10-01 00:04:16.000000",2.0,1.1,1.0,N,234.0,68.0,2.0,6.5,0.5,0.5,0.0,0.0,0.3,10.3,2.5
      1 2.0,"2019-09-30 23:57:05.000000","2019-10-01 00:00:18.000000",2.0,0.66,1.0,N,234.0,113.0,1.0,4.5,0.5,0.5,1.5,0.0,0.3,9.8,2.5
      1 2.0,"2019-09-30 23:56:27.000000","2019-10-01 00:01:49.000000",5.0,0.78,1.0,N,234.0,186.0,1.0,5.5,0.5,0.5,1.86,0.0,0.3,11.16,2.5
      1 2.0,"2019-09-30 23:56:19.000000","2019-10-01 00:00:26.000000",1.0,0.92,1.0,N,234.0,170.0,2.0,5.5,0.5,0.5,0.0,0.0,0.3,9.3,2.5
      1 2.0,"2019-09-30 23:55:57.000000","2019-10-01 00:06:51.000000",1.0,1.3,1.0,N,234.0,186.0,1.0,8.5,0.5,0.5,2.0,0.0,0.3,14.3,2.5
      1 2.0,"2019-09-30 23:53:52.000000","2019-10-01 00:12:37.000000",2.0,4.89,1.0,N,234.0,37.0,1.0,17.5,0.5,0.5,2.0,0.0,0.3,23.3,2.5
      1 2.0,"2019-09-30 23:53:50.000000","2019-10-01 00:00:15.000000",1.0,2.1,1.0,N,144.0,234.0,1.0,8.0,0.5,0.5,0.02,0.0,0.3,11.82,2.5
      1 2.0,"2019-09-30 23:51:46.000000","2019-09-30 23:58:29.000000",1.0,1.52,1.0,N,234.0,233.0,1.0,7.0,0.5,0.5,2.16,0.0,0.3,12.96,2.5
      1 2.0,"2019-09-30 23:51:36.000000","2019-09-30 23:54:01.000000",1.0,0.75,1.0,N,234.0,234.0,1.0,4.5,0.5,0.5,1.66,0.0,0.3,9.96,2.5
      1 2.0,"2019-09-30 23:51:14.000000","2019-10-01 00:01:20.000000",1.0,2.3,1.0,N,163.0,234.0,2.0,9.5,0.5,0.5,0.0,0.0,0.3,13.3,2.5
      1 2.0,"2019-09-30 23:51:06.000000","2019-09-30 23:57:19.000000",5.0,1.19,1.0,N,234.0,249.0,1.0,6.5,0.5,0.5,2.06,0.0,0.3,12.36,2.5
      1 2.0,"2019-09-30 23:50:55.000000","2019-10-01 00:01:52.000000",5.0,3.58,1.0,N,234.0,256.0,1.0,12.5,0.5,0.5,3.26,0.0,0.3,19.56,2.5
      1 2.0,"2019-09-30 23:50:55.000000","2019-09-30 23:53:56.000000",1.0,0.4,1.0,N,234.0,170.0,1.0,4.0,0.5,0.5,1.0,0.0,0.3,8.8,2.5
      1 2.0,"2019-09-30 23:50:22.000000","2019-09-30 23:59:33.000000",2.0,2.64,1.0,N,141.0,234.0,1.0,10.0,0.5,0.5,2.76,0.0,0.3,16.56,2.5
      1 2.0,"2019-09-30 23:49:44.000000","2019-09-30 23:56:05.000000",1.0,1.52,1.0,N,234.0,233.0,2.0,7.0,0.5,0.5,0.0,0.0,0.3,10.8,2.5
      1 2.0,"2019-09-30 23:49:31.000000","2019-09-30 23:55:36.000000",1.0,1.24,1.0,N,234.0,137.0,1.0,6.5,0.5,0.5,2.06,0.0,0.3,12.36,2.5
      1 2.0,"2019-09-30 23:48:55.000000","2019-10-01 00:15:28.000000",1.0,5.99,1.0,N,234.0,7.0,1.0,22.5,0.5,0.5,5.26,0.0,0.3,31.56,2.5
      1 2.0,"2019-09-30 23:47:40.000000","2019-09-30 23:52:52.000000",2.0,0.81,1.0,N,164.0,234.0,1.0,5.5,0.5,0.5,1.86,0.0,0.3,11.16,2.5
      1 2.0,"2019-09-30 23:47:23.000000","2019-09-30 23:51:09.000000",3.0,0.96,1.0,N,170.0,234.0,1.0,5.0,0.5,0.5,1.58,0.0,0.3,10.38,2.5
      1 2.0,"2019-09-30 23:47:09.000000","2019-10-01 00:04:47.000000",1.0,5.39,1.0,N,234.0,238.0,2.0,18.0,0.5,0.5,0.0,0.0,0.3,21.8,2.5
      1 2.0,"2019-09-30 23:47:06.000000","2019-09-30 23:52:24.000000",1.0,0.95,1.0,N,234.0,90.0,1.0,6.0,0.5,0.5,1.96,0.0,0.3,11.76,2.5
      1 2.0,"2019-09-30 23:44:48.000000","2019-09-30 23:48:03.000000",1.0,0.95,1.0,N,234.0,100.0,2.0,5.0,0.5,0.5,0.0,0.0,0.3,8.8,2.5
      1 2.0,"2019-09-30 23:44:25.000000","2019-10-01 00:05:41.000000",2.0,6.07,1.0,N,234.0,54.0,1.0,20.0,0.5,0.5,4.76,0.0,0.3,28.56,2.5
      1 2.0,"2019-09-30 23:44:01.000000","2019-09-30 23:48:41.000000",1.0,1.07,1.0,N,100.0,234.0,1.0,5.5,0.5,0.5,1.86,0.0,0.3,11.16,2.5
      1 2.0,"2019-09-30 23:43:47.000000","2019-09-30 23:54:14.000000",1.0,3.06,1.0,N,234.0,237.0,1.0,11.0,0.5,0.5,2.96,0.0,0.3,17.76,2.5
      1 2.0,"2019-09-30 23:43:38.000000","2019-09-30 23:48:37.000000",5.0,0.87,1.0,N,234.0,224.0,2.0,5.5,0.5,0.5,0.0,0.0,0.3,9.3,2.5
      1 2.0,"2019-09-30 23:43:31.000000","2019-09-30 23:48:33.000000",5.0,1.3,1.0,N,234.0,79.0,1.0,6.5,0.5,0.5,2.06,0.0,0.3,12.36,2.5
      1 2.0,"2019-09-30 23:43:24.000000","2019-09-30 23:52:03.000000",1.0,1.56,1.0,N,234.0,230.0,1.0,8.0,0.5,0.5,2.36,0.0,0.3,14.16,2.5
      1 2.0,"2019-09-30 23:43:19.000000","2019-09-30 23:43:53.000000",1.0,0.0,2.0,N,234.0,234.0,1.0,52.0,0.0,0.5,12.28,6.12,0.3,73.7,2.5
      1 2.0,"2019-09-30 23:43:04.000000","2019-09-30 23:46:17.000000",1.0,0.45,1.0,N,234.0,137.0,1.0,4.0,0.5,0.5,1.56,0.0,0.3,9.36,2.5
      1 2.0,"2019-09-30 23:42:58.000000","2019-09-30 23:47:42.000000",3.0,1.35,1.0,N,234.0,186.0,1.0,6.0,0.5,0.5,1.96,0.0,0.3,11.76,2.5
      1 2.0,"2019-09-30 23:42:56.000000","2019-09-30 23:57:58.000000",1.0,3.93,1.0,N,234.0,239.0,1.0,14.0,0.5,0.5,3.56,0.0,0.3,21.36,2.5
      1 2.0,"2019-09-30 23:42:46.000000","2019-09-30 23:45:56.000000",1.0,0.61,1.0,N,234.0,186.0,2.0,4.5,0.5,0.5,0.0,0.0,0.3,8.3,2.5
      1 2.0,"2019-09-30 23:42:23.000000","2019-09-30 23:48:17.000000",1.0,1.23,1.0,N,234.0,246.0,1.0,6.5,0.5,0.5,2.06,0.0,0.3,12.36,2.5
      1 2.0,"2019-09-30 23:41:00.000000","2019-09-30 23:49:14.000000",1.0,1.77,1.0,N,162.0,234.0,1.0,8.0,0.5,0.5,2.36,0.0,0.3,14.16,2.5
      1 2.0,"2019-09-30 23:40:57.000000","2019-09-30 23:49:58.000000",5.0,1.88,1.0,N,234.0,162.0,1.0,8.5,0.5,0.5,1.7,0.0,0.3,14.0,2.5
      1 2.0,"2019-09-30 23:40:52.000000","2019-09-30 23:54:25.000000",1.0,2.91,1.0,N,234.0,48.0,1.0,12.0,0.5,0.5,3.16,0.0,0.3,18.96,2.5
      1 2.0,"2019-09-30 23:40:28.000000","2019-09-30 23:48:19.000000",5.0,1.97,1.0,N,234.0,170.0,1.0,8.0,0.5,0.5,2.36,0.0,0.3,14.16,2.5
      1 2.0,"2019-09-30 23:40:14.000000","2019-09-30 23:47:41.000000",1.0,1.57,1.0,N,48.0,234.0,1.0,7.5,0.5,0.5,1.13,0.0,0.3,12.43,2.5
      1 2.0,"2019-09-30 23:40:01.000000","2019-09-30 23:41:49.000000",1.0,0.65,1.0,N,79.0,234.0,1.0,4.0,0.5,0.5,1.56,0.0,0.3,9.36,2.5
      1 2.0,"2019-09-30 23:39:51.000000","2019-10-01 00:05:29.000000",1.0,6.16,1.0,N,234.0,256.0,1.0,22.0,0.5,0.5,7.74,0.0,0.3,33.54,2.5
      1 2.0,"2019-09-30 23:39:46.000000","2019-09-30 23:42:06.000000",1.0,0.54,1.0,N,234.0,186.0,1.0,4.0,0.5,0.5,1.95,0.0,0.3,9.75,2.5
      1 2.0,"2019-09-30 23:39:14.000000","2019-09-30 23:46:14.000000",1.0,1.21,1.0,N,234.0,68.0,2.0,7.0,0.5,0.5,0.0,0.0,0.3,10.8,2.5
      1 2.0,"2019-09-30 23:38:55.000000","2019-09-30 23:46:59.000000",1.0,1.42,1.0,N,158.0,234.0,1.0,7.5,0.5,0.5,1.0,0.0,0.3,12.3,2.5
      1 2.0,"2019-09-30 23:38:44.000000","2019-09-30 23:42:24.000000",3.0,0.8,1.0,N,234.0,68.0,2.0,4.5,0.5,0.5,0.0,0.0,0.3,8.3,2.5
      1 2.0,"2019-09-30 23:38:27.000000","2019-09-30 23:57:00.000000",1.0,5.44,1.0,N,234.0,145.0,1.0,18.0,0.5,0.5,2.0,0.0,0.3,23.8,2.5
      1 2.0,"2019-09-30 23:38:20.000000","2019-09-30 23:51:12.000000",1.0,2.25,1.0,N,234.0,4.0,1.0,11.0,0.5,0.5,2.96,0.0,0.3,17.76,2.5
      1 2.0,"2019-09-30 23:38:04.000000","2019-09-30 23:43:35.000000",1.0,0.95,1.0,N,234.0,170.0,1.0,5.5,0.5,0.5,0.0,0.0,0.3,9.3,2.5
      1 2.0,"2019-09-30 23:36:28.000000","2019-09-30 23:44:58.000000",1.0,1.47,1.0,N,234.0,68.0,2.0,8.0,0.5,0.5,0.0,0.0,0.3,11.8,2.5
      1 2.0,"2019-09-30 23:36:06.000000","2019-09-30 23:39:32.000000",1.0,0.69,1.0,N,234.0,137.0,1.0,4.5,0.5,0.5,1.66,0.0,0.3,9.96,2.5
      1 2.0,"2019-09-30 23:35:35.000000","2019-09-30 23:52:32.000000",5.0,5.72,1.0,N,234.0,66.0,1.0,18.5,0.5,0.5,2.23,0.0,0.3,24.53,2.5
      1 2.0,"2019-09-30 23:35:09.000000","2019-09-30 23:44:06.000000",5.0,2.19,1.0,N,234.0,144.0,1.0,9.0,0.5,0.5,2.56,0.0,0.3,15.36,2.5
      1 2.0,"2019-09-30 23:34:26.000000","2019-09-30 23:44:35.000000",1.0,2.35,1.0,N,142.0,234.0,1.0,9.5,0.5,0.5,2.66,0.0,0.3,15.96,2.5
      1 2.0,"2019-09-30 23:34:05.000000","2019-10-01 00:13:08.000000",1.0,8.51,1.0,N,234.0,36.0,1.0,31.0,0.5,0.5,6.96,0.0,0.3,41.76,2.5
      1 2.0,"2019-09-30 23:33:57.000000","2019-09-30 23:41:18.000000",1.0,2.02,1.0,N,234.0,50.0,1.0,8.5,0.5,0.5,1.0,0.0,0.3,13.3,2.5
      1 2.0,"2019-09-30 23:33:42.000000","2019-09-30 23:33:45.000000",1.0,0.0,5.0,N,234.0,264.0,1.0,80.0,0.0,0.0,5.0,0.0,0.3,87.8,2.5
      1 2.0,"2019-09-30 23:33:30.000000","2019-09-30 23:46:55.000000",2.0,3.6,1.0,N,234.0,263.0,1.0,13.0,0.5,0.5,3.36,0.0,0.3,20.16,2.5
      1 2.0,"2019-09-30 23:33:30.000000","2019-09-30 23:41:06.000000",1.0,1.73,1.0,N,230.0,234.0,1.0,8.0,0.5,0.5,1.18,0.0,0.3,12.98,2.5
      1 2.0,"2019-09-30 23:33:17.000000","2019-09-30 23:44:08.000000",1.0,3.02,1.0,N,234.0,48.0,1.0,11.5,0.5,0.5,3.82,0.0,0.3,19.12,2.5
      1 2.0,"2019-09-30 23:32:41.000000","2019-09-30 23:49:22.000000",1.0,5.15,1.0,N,234.0,112.0,2.0,18.0,0.5,0.5,0.0,0.0,0.3,21.8,2.5
      1 2.0,"2019-09-30 23:32:34.000000","2019-09-30 23:49:42.000000",1.0,4.53,1.0,N,234.0,239.0,1.0,16.0,0.5,0.5,3.96,0.0,0.3,23.76,2.5
      1 2.0,"2019-09-30 23:32:20.000000","2019-09-30 23:42:51.000000",1.0,2.17,1.0,N,148.0,234.0,2.0,9.5,0.5,0.5,0.0,0.0,0.3,13.3,2.5
      1 2.0,"2019-09-30 23:31:20.000000","2019-09-30 23:34:20.000000",1.0,0.8,1.0,N,234.0,90.0,1.0,4.5,0.5,0.5,1.66,0.0,0.3,9.96,2.5
      1 2.0,"2019-09-30 23:31:12.000000","2019-09-30 23:35:35.000000",1.0,0.85,1.0,N,137.0,234.0,2.0,5.0,0.5,0.5,0.0,0.0,0.3,8.8,2.5
      1 2.0,"2019-09-30 23:30:46.000000","2019-09-30 23:39:37.000000",2.0,1.82,1.0,N,234.0,234.0,1.0,8.5,0.5,0.5,2.46,0.0,0.3,14.76,2.5
      1 2.0,"2019-09-30 23:30:41.000000","2019-09-30 23:34:49.000000",5.0,0.71,1.0,N,234.0,90.0,2.0,5.0,0.5,0.5,0.0,0.0,0.3,8.8,2.5
      1 2.0,"2019-09-30 23:30:24.000000","2019-09-30 23:48:05.000000",1.0,5.41,1.0,N,234.0,74.0,4.0,-17.5,-0.5,-0.5,0.0,0.0,-0.3,-21.3,-2.5
      1 2.0,"2019-09-30 23:30:24.000000","2019-09-30 23:48:05.000000",1.0,5.41,1.0,N,234.0,74.0,2.0,17.5,0.5,0.5,0.0,0.0,0.3,21.3,2.5
      1 2.0,"2019-09-30 23:29:57.000000","2019-09-30 23:39:42.000000",2.0,2.6,1.0,N,234.0,261.0,1.0,10.0,0.5,0.5,3.0,0.0,0.3,16.8,2.5
      1 2.0,"2019-09-30 23:29:48.000000","2019-09-30 23:44:52.000000",2.0,3.06,1.0,N,142.0,234.0,1.0,13.0,0.5,0.5,3.36,0.0,0.3,20.16,2.5
      1 2.0,"2019-09-30 23:29:37.000000","2019-09-30 23:33:45.000000",1.0,0.81,1.0,N,234.0,170.0,1.0,5.0,0.5,0.5,1.76,0.0,0.3,10.56,2.5
      1 2.0,"2019-09-30 23:29:30.000000","2019-09-30 23:47:32.000000",2.0,3.83,1.0,N,88.0,234.0,1.0,15.5,0.5,0.5,4.82,0.0,0.3,24.12,2.5
      1 2.0,"2019-09-30 23:28:58.000000","2019-09-30 23:39:55.000000",1.0,2.81,1.0,N,163.0,234.0,1.0,10.5,0.5,0.5,1.8,0.0,0.3,16.1,2.5
      1 2.0,"2019-09-30 23:28:47.000000","2019-09-30 23:49:03.000000",1.0,8.14,1.0,N,138.0,234.0,1.0,25.0,0.5,0.5,6.98,6.12,0.3,41.9,2.5
      1 2.0,"2019-09-30 23:28:46.000000","2019-09-30 23:33:07.000000",2.0,0.89,1.0,N,234.0,79.0,1.0,5.5,0.5,0.5,1.86,0.0,0.3,11.16,2.5
      1 2.0,"2019-09-30 23:28:43.000000","2019-09-30 23:33:15.000000",1.0,1.3,1.0,N,114.0,234.0,2.0,6.0,0.5,0.5,0.0,0.0,0.3,9.8,2.5
      1 2.0,"2019-09-30 23:27:20.000000","2019-09-30 23:32:01.000000",1.0,1.01,1.0,N,158.0,234.0,1.0,5.5,0.5,0.5,1.86,0.0,0.3,11.16,2.5
      1 2.0,"2019-09-30 23:27:12.000000","2019-09-30 23:38:42.000000",1.0,2.01,1.0,N,234.0,246.0,1.0,10.0,0.5,0.5,2.76,0.0,0.3,16.56,2.5
      1 2.0,"2019-09-30 23:27:12.000000","2019-09-30 23:34:21.000000",5.0,1.48,1.0,N,234.0,79.0,1.0,7.0,0.5,0.5,2.16,0.0,0.3,12.96,2.5
      1 2.0,"2019-09-30 23:27:00.000000","2019-09-30 23:35:07.000000",1.0,1.92,1.0,N,234.0,230.0,2.0,8.5,0.5,0.5,0.0,0.0,0.3,12.3,2.5
      1 2.0,"2019-09-30 23:26:23.000000","2019-09-30 23:29:16.000000",2.0,0.76,1.0,N,79.0,234.0,1.0,4.5,0.5,0.5,1.66,0.0,0.3,9.96,2.5
      1 2.0,"2019-09-30 23:26:02.000000","2019-09-30 23:31:28.000000",4.0,1.09,1.0,N,234.0,137.0,1.0,6.0,0.5,0.5,1.08,0.0,0.3,10.88,2.5
      1 2.0,"2019-09-30 23:25:10.000000","2019-09-30 23:36:53.000000",2.0,2.84,1.0,N,234.0,261.0,1.0,11.0,0.5,0.5,2.96,0.0,0.3,17.76,2.5
      1 2.0,"2019-09-30 23:25:01.000000","2019-09-30 23:45:31.000000",1.0,5.0,1.0,N,234.0,49.0,1.0,18.5,0.5,0.5,4.46,0.0,0.3,26.76,2.5
      1 2.0,"2019-09-30 23:24:57.000000","2019-09-30 23:33:18.000000",1.0,1.87,1.0,N,163.0,234.0,1.0,8.0,0.5,0.5,2.36,0.0,0.3,14.16,2.5
      1 2.0,"2019-09-30 23:24:51.000000","2019-09-30 23:31:41.000000",1.0,1.2,1.0,N,234.0,68.0,1.0,6.5,0.5,0.5,1.54,0.0,0.3,11.84,2.5
      1 2.0,"2019-09-30 23:23:57.000000","2019-09-30 23:34:46.000000",3.0,2.58,1.0,N,234.0,148.0,1.0,10.5,0.5,0.5,2.86,0.0,0.3,17.16,2.5
      1 2.0,"2019-09-30 23:23:49.000000","2019-09-30 23:31:42.000000",2.0,1.67,1.0,N,234.0,125.0,2.0,8.0,0.5,0.5,0.0,0.0,0.3,11.8,2.5
      1 2.0,"2019-09-30 23:23:35.000000","2019-09-30 23:35:50.000000",1.0,3.4,1.0,N,234.0,66.0,2.0,12.5,0.5,0.5,0.0,0.0,0.3,16.3,2.5
      1 2.0,"2019-09-30 23:23:34.000000","2019-09-30 23:32:17.000000",5.0,1.79,1.0,N,170.0,234.0,1.0,8.5,0.5,0.5,1.0,0.0,0.3,13.3,2.5
      1 2.0,"2019-09-30 23:23:30.000000","2019-09-30 23:32:20.000000",1.0,2.03,1.0,N,234.0,231.0,2.0,8.5,0.5,0.5,0.0,0.0,0.3,12.3,2.5
      1 2.0,"2019-09-30 23:23:27.000000","2019-09-30 23:25:37.000000",1.0,0.68,1.0,N,234.0,113.0,1.0,4.0,0.5,0.5,1.95,0.0,0.3,9.75,2.5
      1 2.0,"2019-09-30 23:23:02.000000","2019-09-30 23:27:36.000000",1.0,0.92,1.0,N,234.0,164.0,1.0,5.5,0.5,0.5,2.32,0.0,0.3,11.62,2.5
      1 2.0,"2019-09-30 23:22:51.000000","2019-09-30 23:44:03.000000",1.0,4.93,1.0,N,234.0,52.0,1.0,17.5,0.5,0.5,4.26,0.0,0.3,25.56,2.5
      1 2.0,"2019-09-30 23:22:37.000000","2019-09-30 23:36:06.000000",1.0,3.28,1.0,N,234.0,13.0,1.0,13.0,0.5,0.5,3.36,0.0,0.3,20.16,2.5
      1 2.0,"2019-09-30 23:22:09.000000","2019-09-30 23:26:26.000000",5.0,0.75,1.0,N,234.0,186.0,2.0,5.0,0.5,0.5,0.0,0.0,0.3,8.8,2.5
      1 2.0,"2019-09-30 23:22:07.000000","2019-09-30 23:31:22.000000",1.0,2.03,1.0,N,142.0,234.0,1.0,9.0,0.5,0.5,2.56,0.0,0.3,15.36,2.5
