404.44 1
372.36 1
323.0 1
300.0 3
297.0 1
289.45 1
250.0 1
239.0 1
229.7 1
225.0 1
222.22 1
220.0 1
200.8 1
200.18 1
200.08 1
200.0 10
195.0 2
182.46 1
180.0 1
178.73 1
158.82 1
150.08 1
150.0 2
148.3 1
147.36 1
145.7 1
141.14 1
140.86 1
140.0 2
138.0 1
135.0 1
134.34 1
130.0 2
127.69 1
125.0 1
121.75 1
120.0 5
119.59 1
117.77 1
116.62 1
116.28 1
115.0 2
113.0 1
112.2 1
112.0 1
111.11 1
111.0 3
110.11 1
110.0 6
105.0 1
103.02 1
103.0 1
102.5 1
102.27 1
101.0 1
100.8 3
100.0 44
99.99 2
99.11 1
99.1 1
99.0 6
98.79 1
98.76 1
98.08 1
97.0 1
96.95 1
96.7 1
96.58 1
96.32 1
96.0 1
95.7 1
95.57 1
95.0 3
94.0 1
92.95 1
92.0 1
91.45 1
91.41 1
91.37 1
91.25 1
90.45 1
90.3 1
90.09 1
90.0 13
89.4 1
88.88 2
88.8 1
88.58 1
88.08 1
88.0 3
87.88 1
87.33 1
86.93 1
86.32 1
86.3 1
85.96 1
85.8 1
85.44 1
85.4 1
85.0 6
84.54 1
83.36 1
83.15 1
83.1 1
83.0 1
82.8 1
82.66 1
82.0 3
81.8 1
80.88 1
80.84 1
80.8 1
80.66 2
80.34 1
80.1 1
80.08 1
80.06 1
80.0 26
79.91 1
79.88 1
79.65 1
79.32 1
79.06 1
78.99 1
78.88 1
78.7 1
77.77 1
77.51 1
77.41 1
77.17 1
77.0 3
76.7 1
76.2 1
76.0 1
75.99 1
75.9 1
75.75 3
75.6 1
75.2 1
75.0 11
74.66 1
74.59 1
74.58 1
74.3 1
74.2 1
73.98 1
73.0 2
72.8 1
72.66 1
72.58 1
72.3 1
72.08 1
72.0 2
71.64 1
71.48 1
71.42 1
71.0 2
70.8 1
70.7 1
70.66 1
70.5 2
70.38 1
70.29 1
70.06 1
70.05 2
70.0 23
69.65 1
69.58 2
69.2 1
69.0 1
68.82 1
68.66 1
68.64 1
68.56 1
68.42 1
68.4 1
68.32 1
68.31 1
68.26 1
68.11 1
68.0 1
67.86 1
67.83 1
67.76 1
67.66 1
67.49 1
67.41 1
67.4 1
67.32 1
67.0 3
66.73 1
66.7 4
66.54 1
66.45 1
66.0 4
65.92 3
65.82 1
65.55 1
65.27 2
65.2 1
65.16 1
65.11 1
65.0 15
64.61 1
64.59 1
64.56 1
64.33 1
64.18 1
64.1 1
64.0 4
63.72 1
63.65 1
63.63 1
63.58 1
63.56 1
63.36 1
63.0 1
62.7 1
62.55 2
62.1 1
62.08 1
62.05 1
62.04 1
62.0 8
61.72 1
61.7 3
61.68 1
61.6 1
61.42 4
61.38 2
61.37 1
61.03 1
61.0 2
60.99 1
60.7 1
60.6 1
60.56 2
60.26 1
60.16 1
60.08 2
60.06 1
60.05 2
60.01 2
60.0 44
59.71 1
59.61 1
59.56 1
59.45 1
59.35 2
59.26 1
59.11 1
59.08 1
59.0 2
58.89 1
58.83 1
58.8 1
58.33 1
58.25 1
58.11 1
58.0 3
57.99 1
57.96 1
57.88 1
57.78 1
57.77 1
57.76 1
57.62 1
57.26 1
57.0 3
56.92 1
56.86 1
56.82 1
56.7 1
56.66 1
56.62 1
56.42 1
56.28 1
56.25 1
56.0 4
55.9 1
55.88 1
55.86 2
55.8 1
55.78 1
55.7 1
55.55 3
55.52 1
55.36 1
55.3 1
55.2 1
55.11 2
55.05 1
55.0 22
54.67 1
54.66 1
54.45 1
54.36 1
54.3 1
54.25 2
54.24 1
54.2 1
54.16 1
54.0 4
53.84 1
53.8 1
53.77 1
53.68 1
53.66 1
53.56 1
53.38 1
53.3 2
53.18 1
53.16 1
53.01 1
53.0 7
52.86 2
52.85 1
52.81 1
52.73 1
52.71 1
52.7 2
52.66 1
52.61 1
52.56 1
52.55 2
52.5 1
52.48 1
52.27 1
52.21 1
52.15 1
52.06 3
52.0 6
51.96 1
51.88 1
51.84 1
51.78 2
51.7 2
51.66 1
51.58 1
51.5 2
51.45 1
51.33 1
51.28 1
51.19 1
51.11 1
51.0 3
50.94 1
50.88 2
50.82 1
50.8 2
50.76 1
50.7 1
50.68 1
50.66 2
50.65 1
50.58 1
50.56 1
50.5 2
50.23 1
50.2 1
50.16 1
50.15 1
50.08 3
50.06 3
50.05 4
50.03 2
50.0 140
49.95 1
49.88 1
49.85 1
49.79 1
49.72 1
49.61 1
49.48 1
49.32 1
49.27 1
49.2 1
49.18 1
49.0 1
48.99 1
48.96 1
48.86 1
48.81 1
48.8 1
48.66 1
48.56 1
48.54 1
48.46 1
48.36 1
48.28 1
48.26 1
48.09 1
48.06 1
48.05 1
48.0 8
47.98 1
47.8 1
47.73 1
47.7 1
47.68 1
47.66 1
47.58 1
47.53 1
47.5 3
47.39 1
47.32 1
47.3 1
47.2 3
47.12 1
47.1 1
47.0 8
46.95 1
46.9 1
46.88 1
46.78 1
46.7 1
46.66 1
46.6 1
46.58 1
46.36 1
46.33 1
46.31 1
46.25 1
46.2 1
46.18 1
46.16 1
46.08 1
46.06 1
46.0 5
45.9 1
45.89 1
45.88 1
45.86 2
45.84 1
45.8 1
45.76 1
45.73 1
45.66 1
45.61 1
45.56 1
45.55 2
45.5 1
45.49 1
45.42 1
45.39 2
45.38 1
45.37 1
45.36 1
45.31 1
45.26 1
45.24 4
45.2 1
45.16 3
45.12 1
45.09 1
45.08 1
45.05 2
45.02 1
45.01 1
45.0 30
44.98 2
44.86 2
44.85 1
44.81 1
44.7 1
44.66 1
44.61 1
44.58 2
44.38 1
44.35 2
44.28 2
44.22 1
44.16 5
44.15 1
44.1 1
44.06 1
44.0 12
43.96 1
43.95 1
43.88 1
43.75 1
43.7 1
43.68 2
43.66 1
43.65 1
43.61 1
43.6 1
43.55 1
43.48 1
43.46 2
43.36 1
43.29 1
43.28 2
43.26 1
43.12 1
43.06 3
43.05 1
43.03 1
43.0 4
42.98 1
42.96 1
42.95 1
42.92 1
42.91 1
42.8 1
42.76 1
42.73 1
42.7 1
42.6 1
42.58 1
42.55 1
42.53 1
42.46 2
42.45 1
42.4 1
42.39 1
42.37 1
42.36 1
42.3 1
42.25 2
42.24 1
42.18 1
42.15 1
42.09 1
42.08 2
42.05 1
42.03 1
42.0 3
41.98 1
41.88 1
41.86 2
41.85 1
41.8 1
41.78 2
41.76 1
41.62 1
41.5 2
41.48 1
41.47 1
41.45 1
41.44 1
41.41 2
41.38 5
41.36 1
41.35 1
41.32 2
41.3 1
41.28 1
41.25 1
41.21 1
41.2 1
41.19 1
41.18 1
41.15 1
41.12 1
41.08 1
41.05 1
41.02 1
41.0 1
40.96 1
40.95 1
40.88 2
40.86 1
40.83 1
40.82 1
40.73 2
40.71 1
40.66 2
40.63 1
40.59 1
40.58 1
40.56 2
40.47 1
40.46 1
40.44 1
40.4 3
40.38 1
40.32 1
40.31 2
40.3 1
40.29 1
40.28 1
40.22 1
40.2 4
40.16 7
40.1 1
40.09 1
40.08 1
40.06 5
40.05 4
40.04 3
40.01 1
40.0 178
39.99 1
39.95 2
39.92 1
39.9 1
39.86 1
39.84 2
39.81 1
39.78 1
39.76 3
39.73 2
39.68 1
39.66 1
39.61 1
39.58 1
39.56 1
39.55 1
39.51 1
39.46 2
39.38 1
39.36 1
39.24 1
39.2 3
39.16 2
39.06 3
39.05 1
39.04 1
39.0 4
38.95 2
38.9 1
38.88 2
38.86 1
38.85 3
38.8 5
38.78 1
38.76 1
38.75 1
38.72 1
38.68 1
38.66 2
38.64 1
38.61 1
38.6 1
38.58 2
38.55 1
38.48 1
38.46 1
38.45 1
38.36 2
38.34 1
38.32 1
38.3 2
38.28 1
38.23 1
38.2 5
38.18 1
38.1 2
38.08 1
38.06 2
38.05 2
38.04 3
38.0 14
37.99 1
37.93 2
37.88 1
37.81 1
37.8 2
37.79 2
37.78 1
37.76 2
37.75 2
37.74 1
37.7 5
37.69 1
37.68 1
37.65 1
37.63 1
37.62 1
37.59 1
37.58 5
37.56 1
37.5 1
37.48 1
37.45 2
37.44 1
37.38 4
37.36 2
37.35 1
37.31 1
37.29 3
37.28 2
37.25 2
37.21 1
37.16 3
37.13 1
37.08 1
37.06 5
37.03 1
37.01 1
37.0 7
36.99 2
36.92 2
36.9 1
36.86 1
36.85 1
36.84 1
36.82 1
36.78 1
36.76 2
36.73 1
36.71 1
36.7 1
36.66 1
36.65 1
36.61 4
36.6 1
36.58 1
36.56 1
36.51 1
36.5 1
36.46 2
36.45 3
36.43 1
36.42 1
36.4 1
36.38 1
36.36 1
36.31 1
36.28 1
36.27 1
36.25 1
36.24 3
36.2 2
36.18 1
36.16 3
36.15 1
36.12 1
36.09 2
36.08 1
36.06 4
36.05 8
36.0 7
35.98 1
35.97 1
35.94 3
35.93 1
35.9 2
35.88 2
35.87 1
35.86 4
35.82 1
35.81 1
35.8 3
35.79 1
35.78 1
35.75 1
35.72 1
35.7 2
35.69 1
35.66 4
35.58 1
35.56 1
35.49 1
35.48 3
35.45 1
35.38 1
35.36 1
35.35 3
35.33 1
35.32 2
35.3 3
35.28 1
35.26 1
35.25 5
35.2 1
35.19 2
35.18 1
35.15 2
35.11 3
35.08 4
35.06 3
35.05 4
35.01 1
35.0 73
34.98 1
34.95 1
34.89 2
34.86 2
34.85 1
34.8 1
34.78 1
34.75 1
34.74 1
34.71 2
34.7 4
34.68 2
34.66 1
34.6 2
34.59 2
34.58 4
34.56 2
34.55 1
34.51 1
34.5 1
34.48 2
34.46 1
34.45 1
34.44 1
34.42 1
34.41 1
34.4 1
34.38 4
34.36 2
34.3 4
34.29 1
34.25 1
34.23 1
34.22 1
34.2 2
34.17 1
34.16 2
34.15 1
34.14 3
34.1 2
34.08 2
34.06 3
34.05 3
34.04 1
34.03 1
34.01 1
34.0 7
33.99 2
33.98 3
33.97 2
33.95 2
33.88 2
33.86 2
33.85 1
33.84 1
33.83 1
33.8 3
33.78 4
33.76 2
33.73 1
33.7 3
33.69 1
33.67 1
33.66 3
33.65 1
33.64 1
33.58 1
33.56 2
33.54 2
33.52 1
33.51 1
33.5 2
33.48 5
33.46 4
33.45 2
33.43 1
33.42 1
33.41 1
33.39 2
33.38 4
33.36 1
33.35 1
33.34 1
33.33 5
33.32 5
33.25 2
33.22 1
33.21 1
33.2 3
33.18 3
33.16 1
33.11 1
33.09 1
33.08 1
33.06 4
33.05 2
33.0 24
32.98 1
32.96 1
32.95 3
32.94 1
32.86 1
32.85 1
32.83 2
32.82 1
32.81 1
32.78 1
32.76 2
32.75 1
32.72 1
32.7 8
32.69 1
32.68 1
32.66 7
32.64 1
32.61 1
32.6 1
32.58 3
32.56 1
32.55 4
32.53 2
32.52 1
32.51 1
32.5 2
32.49 1
32.48 5
32.45 2
32.39 1
32.38 1
32.36 1
32.35 2
32.34 3
32.3 1
32.26 2
32.25 2
32.22 2
32.2 2
32.19 3
32.18 1
32.16 8
32.15 1
32.11 1
32.1 1
32.08 3
32.06 2
32.05 7
32.0 19
31.98 2
31.96 1
31.95 2
31.88 4
31.85 1
31.82 1
31.81 1
31.79 1
31.78 4
31.74 3
31.73 1
31.71 1
31.7 3
31.65 1
31.62 1
31.61 1
31.6 3
31.59 3
31.58 2
31.57 1
31.56 3
31.55 3
31.52 1
31.48 2
31.46 4
31.45 4
31.44 1
31.4 1
31.39 1
31.38 3
31.32 3
31.31 1
31.3 4
31.29 1
31.28 6
31.26 6
31.25 3
31.22 2
31.2 5
31.19 1
31.17 1
31.16 3
31.14 1
31.08 1
31.07 2
31.06 3
31.0 7
30.99 4
30.98 1
30.96 2
30.88 1
30.86 1
30.85 1
30.84 3
30.82 2
30.8 6
30.78 1
30.75 2
30.7 3
30.69 3
30.68 1
30.66 12
30.6 1
30.58 4
30.56 8
30.55 1
30.54 1
30.5 2
30.49 1
30.46 5
30.45 3
30.41 2
30.39 1
30.38 1
30.35 1
30.3 5
30.28 5
30.26 3
30.25 1
30.24 5
30.23 1
30.22 1
30.21 2
30.2 11
30.18 1
30.16 6
30.15 4
30.11 2
30.09 2
30.08 8
30.07 3
30.06 10
30.05 19
30.03 3
30.0 314
29.96 5
29.95 4
29.94 1
29.9 2
29.88 3
29.86 5
29.83 1
29.82 3
29.8 5
29.79 1
29.78 3
29.76 7
29.75 1
29.73 2
29.71 3
29.7 2
29.68 4
29.66 3
29.65 1
29.63 1
29.6 2
29.58 2
29.56 2
29.55 1
29.53 1
29.52 1
29.51 2
29.5 3
29.49 3
29.48 2
29.47 1
29.46 5
29.45 2
29.41 1
29.4 2
29.38 4
29.36 4
29.35 2
29.34 1
29.32 1
29.3 2
29.28 2
29.26 4
29.25 4
29.23 1
29.21 1
29.2 1
29.19 2
29.18 2
29.16 3
29.15 2
29.11 2
29.1 5
29.08 3
29.06 9
29.05 8
29.04 1
29.0 15
28.98 2
28.96 2
28.95 5
28.93 1
28.92 1
28.91 1
28.89 4
28.88 7
28.86 3
28.85 4
28.82 2
28.8 5
28.78 2
28.77 1
28.76 7
28.75 2
28.74 8
28.71 2
28.7 5
28.66 4
28.65 2
28.61 3
28.6 1
28.59 3
28.58 5
28.57 1
28.56 6
28.55 2
28.53 1
28.52 1
28.51 5
28.48 3
28.46 2
28.45 9
28.44 1
28.41 2
28.4 2
28.38 4
28.36 1
28.35 2
28.32 3
28.31 3
28.3 3
28.29 4
28.28 5
28.26 4
28.25 3
28.24 1
28.22 1
28.21 1
28.2 7
28.18 3
28.16 10
28.15 2
28.14 6
28.12 1
28.11 2
28.1 1
28.08 2
28.07 1
28.06 8
28.05 3
28.02 2
28.01 1
28.0 32
27.99 4
27.98 6
27.96 2
27.95 5
27.93 1
27.92 2
27.91 2
27.88 5
27.87 1
27.85 1
27.84 3
27.8 5
27.78 2
27.76 5
27.71 4
27.7 10
27.69 3
27.68 3
27.66 5
27.65 4
27.64 1
27.63 2
27.61 1
27.6 1
27.58 7
27.57 3
27.56 2
27.55 3
27.54 1
27.52 1
27.51 2
27.5 7
27.48 5
27.45 2
27.42 1
27.41 1
27.39 3
27.38 3
27.36 4
27.35 2
27.34 1
27.32 4
27.31 1
27.3 3
27.28 8
27.27 1
27.26 3
27.25 2
27.24 5
27.23 3
27.21 3
27.2 14
27.18 3
27.16 15
27.15 1
27.14 2
27.13 1
27.11 3
27.09 7
27.08 5
27.07 2
27.06 10
27.05 9
27.03 1
27.01 2
27.0 36
26.98 3
26.97 1
26.96 2
26.95 6
26.94 8
26.91 2
26.9 2
26.88 1
26.86 3
26.85 4
26.82 2
26.81 3
26.8 5
26.79 2
26.78 1
26.77 1
26.76 10
26.75 8
26.73 2
26.71 3
26.7 4
26.66 9
26.65 3
26.64 5
26.61 2
26.6 8
26.58 5
26.56 10
26.55 3
26.53 2
26.51 1
26.5 5
26.49 4
26.48 2
26.45 11
26.44 1
26.43 1
26.41 1
26.4 2
26.39 1
26.38 3
26.37 1
26.36 5
26.35 2
26.32 5
26.31 1
26.3 12
26.28 2
26.27 2
26.26 7
26.25 4
26.23 1
26.22 2
26.21 1
26.2 7
26.19 5
26.18 2
26.16 12
26.15 10
26.14 1
26.12 2
26.11 1
26.1 1
26.08 6
26.07 2
26.06 12
26.05 11
26.04 3
26.01 1
26.0 33
25.98 5
25.96 4
25.95 6
25.94 1
25.93 1
25.92 1
25.89 4
25.88 7
25.87 1
25.86 4
25.85 3
25.83 1
25.82 6
25.8 9
25.78 1
25.77 2
25.76 3
25.75 2
25.74 7
25.73 1
25.72 1
25.71 1
25.7 13
25.68 3
25.66 12
25.65 2
25.63 1
25.62 2
25.61 2
25.6 3
25.59 8
25.58 4
25.56 4
25.55 12
25.54 1
25.52 1
25.5 4
25.48 4
25.47 1
25.46 8
25.45 9
25.44 6
25.41 2
25.4 7
25.39 1
25.38 9
25.36 7
25.35 6
25.33 1
25.32 6
25.3 5
25.29 4
25.28 4
25.27 1
25.26 9
25.25 5
25.24 1
25.23 1
25.22 1
25.21 1
25.2 12
25.18 3
25.17 1
25.16 9
25.15 10
25.14 12
25.12 1
25.11 2
25.1 5
25.08 10
25.07 4
25.06 13
25.05 16
25.04 2
25.02 4
25.01 1
25.0 436
24.99 5
24.98 5
24.96 9
24.95 8
24.93 1
24.92 1
24.9 1
24.88 5
24.86 6
24.85 7
24.84 4
24.82 5
24.81 3
24.8 8
24.78 1
24.76 2
24.75 4
24.74 1
24.73 1
24.72 2
24.7 10
24.69 5
24.68 3
24.66 21
24.65 6
24.63 1
24.62 2
24.61 1
24.6 2
24.58 16
24.57 5
24.56 12
24.55 6
24.54 6
24.52 1
24.51 1
24.5 7
24.48 3
24.46 6
24.45 12
24.42 2
24.41 1
24.4 12
24.39 4
24.38 2
24.36 3
24.35 8
24.32 8
24.31 2
24.3 7
24.28 12
24.27 1
24.26 8
24.25 2
24.24 13
24.23 3
24.21 1
24.2 14
24.18 1
24.17 1
24.16 18
24.15 11
24.14 1
24.13 3
24.11 2
24.1 6
24.09 7
24.08 11
24.07 2
24.06 30
24.05 21
24.03 1
24.02 2
24.0 32
23.98 5
23.96 8
23.95 15
23.94 9
23.91 2
23.9 6
23.88 5
23.87 1
23.86 6
23.85 2
23.84 1
23.83 2
23.82 12
23.8 8
23.79 6
23.78 4
23.77 1
23.76 9
23.75 6
23.73 5
23.72 2
23.71 2
23.7 7
23.69 1
23.68 7
23.67 1
23.66 13
23.65 7
23.64 13
23.62 1
23.6 8
23.58 16
23.57 5
23.56 9
23.55 9
23.53 2
23.52 2
23.5 4
23.49 10
23.48 5
23.47 1
23.46 11
23.45 22
23.43 1
23.42 2
23.41 1
23.4 6
23.38 14
23.37 2
23.36 11
23.35 6
23.34 6
23.33 2
23.32 20
23.3 6
23.28 5
23.26 15
23.25 9
23.23 4
23.22 1
23.2 12
23.19 5
23.18 3
23.16 19
23.15 14
23.13 1
23.12 2
23.11 4
23.1 4
23.08 15
23.07 3
23.06 26
23.05 7
23.04 8
23.02 5
23.01 5
23.0 42
22.98 5
22.96 8
22.95 13
22.94 2
22.92 1
22.91 1
22.9 8
22.89 7
22.88 10
22.86 13
22.85 7
22.82 19
22.81 1
22.8 12
22.78 9
22.77 2
22.76 19
22.75 12
22.74 9
22.73 2
22.71 3
22.7 18
22.69 1
22.68 4
22.66 17
22.65 12
22.64 1
22.63 1
22.62 1
22.6 5
22.59 22
22.58 10
22.57 4
22.56 14
22.55 23
22.53 1
22.52 5
22.51 4
22.5 8
22.49 1
22.48 4
22.46 17
22.45 22
22.44 5
22.42 2
22.41 4
22.4 8
22.38 9
22.36 14
22.35 8
22.33 8
22.32 14
22.31 1
22.3 18
22.29 8
22.28 6
22.26 9
22.25 11
22.23 1
22.22 16
22.21 2
22.2 25
22.18 9
22.17 1
22.16 26
22.15 15
22.14 9
22.12 5
22.11 2
22.1 5
22.08 20
22.07 4
22.06 27
22.05 17
22.04 1
22.03 3
22.01 1
22.0 105
21.99 4
21.98 8
21.97 1
21.96 17
21.95 23
21.94 1
21.92 1
21.9 10
21.89 1
21.88 11
21.87 1
21.86 18
21.85 9
21.84 8
21.83 1
21.82 17
21.81 3
21.8 17
21.78 7
21.77 1
21.76 18
21.75 10
21.74 1
21.73 3
21.71 1
21.7 23
21.69 4
21.68 2
21.67 1
21.66 27
21.65 15
21.64 2
21.62 1
21.61 2
21.6 5
21.58 17
21.57 2
21.56 30
21.55 12
21.54 7
21.52 3
21.51 1
21.5 10
21.49 1
21.48 7
21.47 2
21.46 15
21.45 30
21.43 4
21.41 1
21.4 19
21.39 15
21.38 5
21.37 1
21.36 15
21.35 11
21.32 29
21.3 17
21.28 7
21.27 2
21.26 13
21.25 8
21.24 9
21.23 4
21.2 22
21.18 9
21.17 1
21.16 29
21.15 13
21.14 4
21.13 5
21.12 3
21.11 2
21.1 9
21.09 9
21.08 17
21.07 4
21.06 35
21.05 20
21.03 1
21.01 3
21.0 34
20.99 1
20.98 10
20.96 18
20.95 31
20.94 10
20.92 5
20.91 1
20.9 18
20.88 11
20.86 24
20.85 15
20.84 2
20.83 1
20.82 23
20.81 1
20.8 30
20.79 8
20.78 4
20.77 1
20.76 22
20.75 17
20.74 1
20.73 6
20.72 2
20.71 3
20.7 36
20.69 3
20.68 7
20.66 37
20.65 12
20.64 15
20.62 8
20.61 2
20.6 9
20.58 25
20.57 6
20.56 50
20.55 20
20.54 1
20.53 7
20.52 3
20.51 2
20.5 8
20.49 16
20.48 6
20.46 19
20.45 35
20.44 1
20.42 2
20.41 2
20.4 17
20.38 13
20.36 29
20.35 11
20.34 13
20.32 26
20.31 2
20.3 18
20.29 1
20.28 8
20.27 1
20.26 22
20.25 10
20.24 2
20.23 5
20.22 4
20.2 56
20.19 5
20.18 7
20.16 52
20.15 20
20.14 6
20.13 2
20.11 6
20.1 6
20.08 51
20.07 5
20.06 58
20.05 47
20.04 14
20.03 3
20.02 8
20.01 5
20.0 1976
19.99 2
19.98 8
19.96 18
19.95 35
19.94 3
19.93 7
19.92 2
19.91 2
19.9 15
19.89 17
19.88 9
19.87 5
19.86 45
19.85 26
19.84 1
19.83 4
19.82 25
19.8 20
19.79 1
19.78 479
19.77 1
19.76 30
19.75 170
19.74 49
19.73 7
19.72 1
19.71 2
19.7 29
19.69 1
19.68 7
19.67 7
19.66 64
19.65 33
19.64 3
19.63 11
19.62 2
19.61 4
19.6 8
19.59 44
19.58 20
19.57 4
19.56 44
19.55 43
19.54 2
19.53 2
19.51 5
19.5 11
19.48 15
19.46 42
19.45 42
19.44 17
19.43 1
19.42 4
19.4 14
19.39 1
19.38 12
19.37 1
19.36 51
19.35 20
19.34 2
19.33 13
19.32 28
19.31 1
19.3 19
19.29 10
19.28 10
19.27 2
19.26 39
19.25 25
19.24 4
19.23 4
19.22 6
19.21 3
19.2 27
19.19 1
19.18 12
19.16 53
19.15 33
19.14 21
19.12 4
19.11 7
19.1 8
19.08 18
19.07 4
19.06 77
19.05 41
19.04 2
19.03 68
19.02 4
19.01 3
19.0 57
18.99 16
18.98 18
18.97 2
18.96 47
18.95 49
18.94 3
18.93 2
18.92 1
18.91 1
18.9 15
18.89 1
18.88 31
18.87 2
18.86 40
18.85 29
18.84 27
18.83 1
18.82 30
18.81 6
18.8 31
18.79 2
18.78 10
18.76 43
18.75 27
18.74 4
18.73 12
18.72 7
18.71 7
18.7 39
18.69 26
18.68 9
18.67 5
18.66 69
18.65 38
18.64 4
18.63 2
18.62 2
18.61 6
18.6 21
18.59 1
18.58 42
18.57 4
18.56 57
18.55 43
18.54 16
18.53 1
18.52 7
18.51 2
18.5 14
18.48 23
18.46 66
18.45 37
18.44 5
18.43 1492
18.42 10
18.41 2
18.4 576
18.39 11
18.38 9
18.37 1
18.36 55
18.35 30
18.34 4
18.32 47
18.31 4
18.3 13
18.29 2
18.28 26
18.27 1
18.26 61
18.25 38
18.24 17
18.23 6
18.22 2
18.21 2
18.2 42
18.18 12
18.16 86
18.15 44
18.14 12
18.13 18
18.12 5
18.11 8
18.1 17
18.09 19
18.08 32
18.07 7
18.06 88
18.05 58
18.04 6
18.03 2
18.02 3
18.01 13
18.0 217
17.98 36
17.97 2
17.96 59
17.95 55
17.94 138
17.92 6
17.91 2
17.9 69
17.89 1
17.88 14
17.87 2
17.86 87
17.85 42
17.84 1
17.83 15
17.82 32
17.81 5
17.8 30
17.79 12
17.78 13
17.77 1
17.76 68
17.75 46
17.74 6
17.73 4
17.72 2
17.71 1
17.7 60
17.69 1
17.68 222
17.66 75
17.65 137
17.64 17
17.62 9
17.61 10
17.6 19
17.59 1
17.58 45
17.57 8
17.56 87
17.55 51
17.54 5
17.53 25
17.52 6
17.51 5
17.5 28
17.49 11
17.48 24
17.47 1
17.46 75
17.45 69
17.44 7
17.43 1
17.42 3
17.41 5
17.4 17
17.39 1
17.38 34
17.37 2
17.36 93
17.35 48
17.34 20
17.33 2
17.32 52
17.31 6
17.3 26
17.29 1
17.28 14
17.27 1
17.26 80
17.25 41
17.24 8
17.23 29
17.22 5
17.21 5
17.2 52
17.19 38
17.18 21
17.16 115
17.15 68
17.14 4
17.13 1
17.12 16
17.11 12
17.1 24
17.09 2
17.08 87
17.07 5
17.06 90
17.05 72
17.04 21
17.03 2
17.02 9
17.01 4
17.0 131
16.99 2
16.98 26
16.96 73
16.95 90
16.94 5
16.93 32
16.92 7
16.91 5
16.9 30
16.89 27
16.88 28
16.86 96
16.85 49
16.84 2
16.83 3
16.82 25
16.81 2
16.8 25
16.79 4
16.78 49
16.77 1
16.76 79
16.75 63
16.74 27
16.73 18
16.72 1
16.71 4
16.7 60
16.69 2
16.68 23
16.67 1
16.66 123
16.65 39
16.64 7
16.63 20
16.62 10
16.61 5
16.6 47
16.59 606
16.58 46
16.57 3
16.56 124
16.55 302
16.54 6
16.53 4
16.52 8
16.51 5
16.5 17
16.49 5
16.48 1509
16.47 1
16.46 91
16.45 677
16.44 19
16.43 9
16.42 6
16.41 8
16.4 34
16.39 10
16.38 26
16.37 2
16.36 97
16.35 42
16.34 6
16.33 41
16.32 146
16.31 7
16.3 67
16.29 17
16.28 13
16.27 1
16.26 85
16.25 63
16.24 6
16.23 24
16.22 9
16.21 7
16.2 79
16.19 3
16.18 57
16.17 2
16.16 118
16.15 59
16.14 30
16.13 7
16.12 9
16.11 3
16.1 43
16.09 3
16.08 45
16.07 12
16.06 109
16.05 69
16.04 6
16.03 49
16.02 8
16.01 11
16.0 194
15.99 27
15.98 47
15.97 2
15.96 97
15.95 98
15.94 6
15.93 9
15.92 7
15.91 3
15.9 22
15.89 4
15.88 85
15.87 3
15.86 285
15.85 146
15.84 78
15.83 3
15.82 71
15.81 3
15.8 77
15.79 6
15.78 19
15.76 108
15.75 48
15.74 4
15.73 69
15.72 2
15.71 8
15.7 118
15.69 13
15.68 24
15.67 1
15.66 121
15.65 50
15.64 1
15.63 4
15.62 9
15.61 7
15.6 57
15.59 1
15.58 132
15.57 8
15.56 102
15.55 97
15.54 32
15.53 1
15.52 2
15.51 7
15.5 73
15.49 1
15.48 54
15.47 2
15.46 86
15.45 84
15.44 4
15.43 68
15.42 4
15.41 4
15.4 58
15.39 28
15.38 29
15.37 5
15.36 5195
15.35 3435
15.34 3
15.33 2
15.32 39
15.31 4
15.3 23
15.29 2
15.28 74
15.26 141
15.25 61
15.24 34
15.23 49
15.22 6
15.21 6
15.2 93
15.19 3
15.18 32
15.17 1
15.16 153
15.15 60
15.14 5
15.13 57
15.12 6
15.11 6
15.1 95
15.09 41
15.08 91
15.07 12
15.06 174
15.05 149
15.04 6
15.03 6
15.02 4
15.01 19
15.0 2729
14.99 4
14.98 158
14.97 10
14.96 103
14.95 513
14.94 27
14.93 3
14.92 5
14.91 4
14.9 217
14.89 1
14.88 66
14.87 1
14.86 136
14.85 65
14.84 6
14.83 74
14.82 45
14.81 9
14.8 58
14.79 32
14.78 61
14.77 1
14.76 141
14.75 60
14.74 7
14.73 860
14.72 9
14.71 4
14.7 384
14.68 97
14.67 1
14.66 141
14.65 88
14.64 43
14.63 2
14.62 6
14.61 7
14.6 115
14.59 2
14.58 73
14.57 9
14.56 155
14.55 59
14.54 7
14.53 75
14.52 9
14.51 3
14.5 42
14.49 36
14.48 111
14.47 3
14.46 163
14.45 170
14.44 9
14.43 8
14.42 6
14.41 18
14.4 34
14.39 1
14.38 144
14.37 4
14.36 190
14.35 129
14.34 39
14.33 7
14.32 79
14.31 6
14.3 50
14.29 2
14.28 89
14.27 1
14.26 138
14.25 69
14.24 1
14.23 143
14.22 6
14.21 4
14.2 112
14.19 39
14.18 47
14.17 2
14.16 179
14.15 93
14.14 11
14.13 8
14.12 7
14.11 4
14.1 111
14.09 1
14.08 184
14.07 16
14.06 184
14.05 141
14.04 45
14.03 3
14.02 2
14.01 4
14.0 406
13.99 2
13.98 126
13.97 1
13.96 224
13.95 161
13.94 3
13.93 103
13.92 8
13.91 3
13.9 73
13.89 51
13.88 61
13.87 1
13.86 230
13.85 153
13.84 11
13.83 17
13.82 1954
13.81 3
13.8 765
13.79 1
13.78 178
13.77 5
13.76 236
13.75 89
13.74 67
13.73 110
13.72 12
13.71 6
13.7 140
13.68 70
13.67 1
13.66 318
13.65 144
13.64 3
13.63 109
13.62 7
13.61 5
13.6 213
13.59 54
13.58 152
13.57 14
13.56 301
13.55 121
13.54 6
13.53 7
13.52 5
13.51 66
13.5 73
13.48 272
13.47 8
13.46 125
13.45 236
13.44 61
13.43 4
13.42 1
13.41 4
13.4 51
13.39 1
13.38 50
13.37 5
13.36 278
13.35 113
13.34 21
13.33 112
13.32 81
13.31 4
13.3 94
13.29 49
13.28 68
13.27 13
13.26 187
13.25 161
13.24 80
13.23 137
13.22 4
13.21 9
13.2 313
13.19 5
13.18 6547
13.17 10
13.16 721
13.15 2476
13.14 66
13.13 12
13.12 18
13.11 51
13.1 302
13.09 2
13.08 161
13.07 10
13.06 713
13.05 340
13.04 1
13.03 116
13.02 14
13.01 17
13.0 601
12.99 61
12.98 221
12.97 7
12.96 242
12.95 236
12.94 22
12.93 4
12.92 13
12.91 5
12.9 52
12.89 1
12.88 199
12.87 4
12.86 256
12.85 197
12.84 89
12.83 2
12.82 70
12.81 4
12.8 96
12.78 102
12.77 2
12.76 172
12.75 62
12.74 2
12.73 317
12.72 12
12.71 5
12.7 232
12.69 62
12.68 820
12.67 5
12.66 190
12.65 380
12.64 5
12.63 5
12.62 10
12.61 16
12.6 244
12.59 1
12.58 333
12.57 30
12.56 350
12.55 152
12.54 91
12.52 10
12.51 9
12.5 120
12.49 2
12.48 316
12.47 7
12.46 311
12.45 350
12.44 33
12.43 115
12.42 11
12.41 5
12.4 142
12.39 72
12.38 170
12.37 3
12.36 336
12.35 220
12.34 58
12.33 7
12.32 75
12.31 4
12.3 110
12.29 11
12.28 30546
12.27 8
12.26 144
12.25 10710
12.24 73
12.23 206
12.22 13
12.21 199
12.2 269
12.18 184
12.17 4
12.16 187
12.15 174
12.14 5
12.13 121
12.12 33
12.11 12
12.1 384
12.09 79
12.08 356
12.07 12
12.06 164
12.05 234
12.04 7
12.03 2
12.02 10
12.01 7
12.0 2073
11.98 566
11.97 7
11.96 1652
11.95 982
11.94 77
11.93 4
11.92 4
11.91 3
11.9 96
11.89 4
11.88 235
11.87 49
11.86 364
11.85 276
11.84 2
11.83 126
11.82 110
11.81 3
11.8 141
11.79 93
11.78 3939
11.77 4
11.76 188
11.75 1343
11.74 8
11.73 277
11.72 5
11.71 35
11.7 242
11.69 4
11.68 359
11.67 5
11.66 213
11.65 264
11.64 108
11.63 2
11.62 4
11.61 5
11.6 424
11.59 4
11.58 422
11.57 22
11.56 201
11.55 185
11.54 1
11.53 129
11.52 10
11.51 6
11.5 126
11.49 97
11.48 607
11.46 302
11.45 520
11.44 6
11.43 6
11.42 7
11.41 3
11.4 55
11.39 3
11.38 429
11.37 4
11.36 464
11.35 386
11.34 117
11.33 3
11.32 180
11.31 11
11.3 142
11.29 2
11.28 329
11.27 5
11.26 216
11.25 184
11.24 5
11.23 449
11.22 18
11.21 10
11.2 371
11.19 117
11.18 367
11.16 267
11.15 339
11.14 5
11.13 5
11.12 11
11.11 105
11.1 525
11.09 5
11.08 693
11.07 42
11.06 8186
11.05 3303
11.04 127
11.03 1
11.02 13
11.01 16
11.0 1063
10.99 2
10.98 803
10.97 5
10.96 296
10.95 512
10.94 4
10.93 120
10.92 7
10.91 8
10.9 137
10.89 150
10.88 571
10.87 3
10.86 567
10.85 565
10.84 10
10.83 11
10.82 206
10.81 10
10.8 210
10.79 1
10.78 653
10.77 4
10.76 314
10.75 354
10.74 173
10.73 380
10.72 8
10.71 10
10.7 434
10.69 2
10.68 516
10.67 5
10.66 385
10.65 402
10.64 4
10.63 125
10.62 15
10.61 40
10.6 613
10.59 152
10.58 795
10.57 34
10.56 810
10.55 594
10.54 5
10.53 1
10.52 17
10.51 4
10.5 63
10.49 4
10.48 1179
10.47 9
10.46 355
10.45 834
10.44 202
10.43 2
10.42 11
10.41 10
10.4 190
10.39 5
10.38 640
10.36 654
10.35 597
10.34 9
10.33 92
10.32 219
10.31 15
10.3 157
10.29 145
10.28 698
10.27 3
10.26 368
10.25 490
10.24 7
10.23 404
10.22 9
10.21 3
10.2 455
10.19 5
10.18 798
10.17 13
10.16 377
10.15 536
10.14 202
10.13 7
10.12 12
10.11 19
10.1 760
10.09 6
10.08 1189
10.07 55
10.06 420
10.05 568
10.04 3
10.03 79
10.02 30
10.01 52
10.0 21705
9.99 224
9.98 1200
9.97 3
9.96 381
9.95 993
9.94 7
9.93 1
9.92 10
9.91 5
9.9 153
9.89 373
9.88 881
9.87 11
9.86 758
9.85 749
9.84 217
9.83 30
9.82 276
9.81 12
9.8 231
9.79 1
9.78 899
9.77 4
9.76 436
9.75 473
9.74 6
9.73 459
9.72 17
9.71 7
9.7 499
9.69 226
9.68 939
9.67 1
9.66 514
9.65 762
9.64 6
9.63 1
9.62 9
9.61 16
9.6 635
9.59 12
9.58 1301
9.57 63
9.56 497
9.55 654
9.54 254
9.53 3
9.52 21
9.51 53
9.5 225
9.49 1
9.48 1404
9.46 473
9.45 1037
9.44 14
9.43 42
9.42 21
9.41 15
9.4 148
9.39 274
9.38 1059
9.36 837
9.35 961
9.34 13
9.33 12
9.32 346
9.31 11
9.3 159
9.29 5
9.28 1162
9.27 11
9.26 604
9.25 688
9.24 301
9.23 363
9.22 25
9.21 1885
9.2 664
9.19 3
9.18 1211
9.17 2
9.16 746
9.15 832
9.14 16
9.13 38
9.12 23
9.11 14
9.1 487
9.09 319
9.08 1614
9.07 81
9.06 796
9.05 1053
9.04 13
9.03 2
9.02 36
9.01 13
9.0 2239
8.99 16
8.98 1745
8.97 101
8.96 693
8.95 1263
8.94 319
8.93 5
8.92 14
8.91 11
8.9 317
8.89 7
8.88 1500
8.87 3
8.86 977
8.85 1047
8.84 290
8.83 29
8.82 427
8.81 16
8.8 390
8.79 354
8.78 1434
8.77 3
8.76 792
8.75 992
8.74 10
8.73 294
8.72 22
8.71 17
8.7 668
8.69 17
8.68 1531
8.67 4
8.66 759
8.65 1020
8.64 355
8.63 7
8.62 16
8.61 74
8.6 543
8.59 2
8.58 2235
8.57 112
8.56 841
8.55 1046
8.54 30
8.53 26
8.52 41
8.51 16
8.5 271
8.49 400
8.48 1832
8.47 2
8.46 860
8.45 1664
8.44 14
8.43 4
8.42 34
8.41 16
8.4 205
8.39 13
8.38 1650
8.37 21
8.36 1050
8.35 1055
8.34 458
8.33 20
8.32 496
8.31 42
8.3 1000
8.29 11
8.28 1664
8.27 12
8.26 817
8.25 1019
8.24 22
8.23 202
8.22 40
8.21 6
8.2 763
8.19 484
8.18 1738
8.17 1
8.16 924
8.15 1434
8.14 15
8.13 3
8.12 26
8.11 55
8.1 220
8.09 28
8.08 2310
8.07 131
8.06 1000
8.05 1297
8.04 556
8.03 1
8.02 28
8.01 32
8.0 8386
7.99 7
7.98 1834
7.97 5
7.96 1014
7.95 2007
7.94 28
7.93 20
7.92 60
7.91 41
7.9 37
7.89 541
7.88 1691
7.87 1
7.86 1133
7.85 1385
7.84 22
7.83 149
7.82 547
7.81 15
7.8 361
7.79 37
7.78 1716
7.77 46
7.76 1110
7.75 1172
7.74 598
7.73 115
7.72 21
7.71 54
7.7 1654
7.69 2
7.68 1624
7.67 2
7.66 1129
7.65 1182
7.64 42
7.63 19
7.62 42
7.61 41
7.6 135
7.59 688
7.58 2453
7.57 3
7.56 1303
7.55 1820
7.54 24
7.53 5
7.52 41
7.51 18
7.5 806
7.49 45
7.48 1752
7.47 18
7.46 1457
7.45 2427
7.44 702
7.43 15
7.42 20
7.41 54
7.4 335
7.39 1
7.38 1524
7.37 90
7.36 1501
7.35 1245
7.34 52
7.33 198
7.32 768
7.31 16
7.3 393
7.29 773
7.28 1530
7.27 2
7.26 1542
7.25 1543
7.24 25
7.23 79
7.22 31
7.21 26
7.2 1556
7.19 72
7.18 1393
7.17 33
7.16 1589
7.15 1154
7.14 845
7.13 7
7.12 24
7.11 81
7.1 487
7.09 6
7.08 2498
7.07 26
7.06 1751
7.05 1655
7.04 55
7.03 20
7.02 45
7.01 32
7.0 7358
6.99 900
6.98 1337
6.97 2
6.96 1977
6.95 3406
6.94 28
6.93 5
6.92 41
6.91 12
6.9 45
6.89 70
6.88 1293
6.87 25
6.86 2052
6.85 1272
6.84 1001
6.83 283
6.82 964
6.81 63
6.8 998
6.79 14
6.78 1119
6.77 4
6.76 2136
6.75 1377
6.74 79
6.73 68
6.72 58
6.71 27
6.7 2159
6.69 1065
6.68 1036
6.67 11
6.66 2452
6.65 1849
6.64 51
6.63 11
6.62 24
6.61 28
6.6 203
6.59 275
6.58 2433
6.57 39
6.56 2531
6.55 1942
6.54 1130
6.53 22
6.52 22
6.51 93
6.5 1219
6.49 13
6.48 792
6.47 14
6.46 2757
6.45 3529
6.44 103
6.43 14
6.42 44
6.41 6
6.4 37
6.39 1139
6.38 664
6.36 3141
6.35 2041
6.34 76
6.33 347
6.32 1375
6.31 9
6.3 709
6.29 142
6.28 497
6.27 35
6.26 3244
6.25 1501
6.24 1263
6.23 53
6.22 19
6.21 109
6.2 3632
6.19 31
6.18 436
6.17 19
6.16 3388
6.15 1572
6.14 1086
6.13 10
6.12 83
6.11 30
6.1 68
6.09 1332
6.08 2606
6.07 5
6.06 3961
6.05 3092
6.04 64
6.03 11
6.02 39
6.01 8
6.0 10815
5.99 129
5.98 460
5.97 59
5.96 4231
5.95 5052
5.94 1561
5.93 24
5.92 18
5.91 115
5.9 798
5.89 164
5.88 455
5.87 3
5.86 4657
5.85 1990
5.84 160
5.83 525
5.82 1935
5.81 29
5.8 1345
5.79 1704
5.78 335
5.77 7
5.76 4963
5.75 2809
5.74 84
5.73 45
5.72 56
5.71 11
5.7 3901
5.69 138
5.68 342
5.67 84
5.66 5413
5.65 2231
5.64 1734
5.63 27
5.62 18
5.61 135
5.6 920
5.59 10
5.58 3230
5.57 11
5.56 5799
5.55 4140
5.54 151
5.53 329
5.52 121
5.51 11
5.5 1315
5.49 1904
5.48 274
5.47 5
5.46 6394
5.45 7703
5.44 112
5.43 15
5.42 13
5.41 16
5.4 56
5.39 148
5.38 229
5.37 121
5.36 6912
5.35 2891
5.34 2128
5.33 637
5.32 2558
5.31 143
5.3 2292
5.29 45
5.28 245
5.27 50
5.26 7470
5.25 3119
5.24 139
5.23 25
5.22 182
5.21 7
5.2 5437
5.19 2274
5.18 276
5.17 4
5.16 8360
5.15 4410
5.14 137
5.13 17
5.12 22
5.11 10
5.1 44
5.09 198
5.08 4334
5.07 179
5.06 9070
5.05 5300
5.04 2437
5.03 20
5.02 19
5.01 97
5.0 52635
4.99 114
4.98 236
4.97 7
4.96 9679
4.95 9804
4.94 109
4.93 17
4.92 233
4.91 82
4.9 44
4.89 2566
4.88 278
4.87 10
4.86 10864
4.85 5635
4.84 202
4.83 905
4.82 3480
4.81 18
4.8 1987
4.79 84
4.78 198
4.77 269
4.76 11217
4.75 4709
4.74 2989
4.73 103
4.72 40
4.71 47
4.7 9065
4.69 31
4.68 188
4.67 7
4.66 12149
4.65 4967
4.64 126
4.63 20
4.62 330
4.61 14
4.6 48
4.59 3295
4.58 5177
4.57 2
4.56 13218
4.55 9054
4.54 295
4.53 21
4.52 29
4.51 9
4.5 2039
4.49 70
4.48 186
4.47 401
4.46 14464
4.45 12897
4.44 3746
4.43 30
4.42 23
4.41 38
4.4 2220
4.39 48
4.38 122
4.37 111
4.36 15269
4.35 6227
4.34 65
4.33 1236
4.32 5045
4.31 22
4.3 2344
4.29 3784
4.28 241
4.27 6
4.26 16360
4.25 8756
4.24 391
4.23 28
4.22 32
4.21 13
4.2 10261
4.19 205
4.18 124
4.17 538
4.16 17835
4.15 7181
4.14 4080
4.13 66
4.12 36
4.11 32
4.1 2574
4.09 55
4.08 7174
4.07 19
4.06 19496
4.05 10554
4.04 88
4.03 38
4.02 696
4.01 136
4.0 31651
3.99 4506
3.98 102
3.97 7
3.96 21330
3.95 21009
3.94 615
3.93 45
3.92 176
3.91 10
3.9 82
3.89 99
3.88 237
3.87 794
3.86 22865
3.85 9233
3.84 5020
3.83 1774
3.82 6458
3.81 49
3.8 6726
3.79 76
3.78 103
3.77 11
3.76 24518
3.75 10548
3.74 221
3.73 67
3.72 916
3.71 30
3.7 14816
3.69 5201
3.68 80
3.67 25
3.66 27239
3.65 13815
3.64 726
3.63 69
3.62 52
3.61 27
3.6 171
3.59 90
3.58 10109
3.57 1176
3.56 29559
3.55 15756
3.54 5822
3.53 81
3.52 50
3.51 22
3.5 11335
3.49 71
3.48 127
3.47 218
3.46 32177
3.45 27364
3.44 73
3.43 117
3.42 1346
3.41 21
3.4 167
3.39 6430
3.38 341
3.37 57
3.36 34987
3.35 17235
3.34 1027
3.33 2834
3.32 8967
3.31 13
3.3 5185
3.29 329
3.28 229
3.27 1596
3.26 38938
3.25 15852
3.24 6614
3.23 140
3.22 91
3.21 22
3.2 25267
3.19 62
3.18 174
3.17 37
3.16 42171
3.15 16649
3.14 39
3.13 165
3.12 1922
3.11 386
3.1 138
3.09 6976
3.08 13450
3.07 135
3.06 46721
3.05 27377
3.04 1446
3.03 277
3.02 367
3.01 32
3.0 76608
2.99 52
2.98 256
2.97 2204
2.96 50761
2.95 38792
2.94 6943
2.93 664
2.92 79
2.91 25
2.9 5857
2.89 30
2.88 639
2.87 8
2.86 55151
2.85 21929
2.84 468
2.83 3031
2.82 13591
2.81 18
2.8 7442
2.79 6850
2.78 330
2.77 177
2.76 59860
2.75 29138
2.74 2033
2.73 369
2.72 35
2.71 41
2.7 26894
2.69 160
2.68 479
2.67 3235
2.66 64688
2.65 25636
2.64 6372
2.63 419
2.62 121
2.61 39
2.6 7104
2.59 44
2.58 14915
2.57 648
2.56 68640
2.55 32943
2.54 22
2.53 517
2.52 4073
2.51 76
2.5 26450
2.49 5692
2.48 1082
2.47 42
2.46 73606
2.45 55395
2.44 3167
2.43 697
2.42 57
2.41 14
2.4 626
2.39 689
2.38 791
2.37 4841
2.36 77168
2.35 30474
2.34 4923
2.33 3999
2.32 12171
2.31 44
2.3 15216
2.29 99
2.28 861
2.27 30
2.26 81187
2.25 34082
2.24 21
2.23 818
2.22 7030
2.21 872
2.2 33926
2.19 28
2.18 1035
2.17 11
2.16 84008
2.15 35468
2.14 4616
2.13 942
2.12 924
2.11 55
2.1 435
2.09 194
2.08 14865
2.07 7050
2.06 86865
2.05 40136
2.04 34
2.03 1924
2.02 316
2.01 228
2.0 239321
1.99 192
1.98 1202
1.97 80
1.96 85667
1.95 34061
1.94 860
1.93 1273
1.92 8560
1.91 13
1.9 881
1.89 116
1.88 2122
1.87 20
1.86 82970
1.85 36736
1.84 6367
1.83 1638
1.82 50
1.81 94
1.8 5070
1.79 153
1.78 2085
1.77 9503
1.76 75461
1.75 34620
1.74 68
1.73 2142
1.72 401
1.71 14
1.7 30873
1.69 84
1.68 2230
1.67 1084
1.66 672
1.65 339
1.64 23
1.63 2368
1.62 10570
1.61 3
1.6 1994
1.59 129
1.58 4475
1.57 143
1.56 170
1.55 3949
1.54 7675
1.53 2921
1.52 79
1.51 128
1.5 80391
1.49 147
1.48 3599
1.47 11031
1.46 188
1.45 186
1.44 116
1.43 3503
1.42 539
1.41 155
1.4 12325
1.39 77
1.38 3795
1.37 65
1.36 620
1.35 329
1.34 239
1.33 4100
1.32 9886
1.31 23
1.3 2374
1.29 112
1.28 4562
1.27 188
1.26 143
1.25 7521
1.24 753
1.23 4714
1.22 257
1.21 196
1.2 29705
1.19 159
1.18 5814
1.17 79
1.16 86
1.15 217
1.14 164
1.13 5182
1.12 617
1.11 1924
1.1 2264
1.09 138
1.08 7394
1.07 61
1.06 171
1.05 97
1.04 135
1.03 5642
1.02 264
1.01 156
1.0 267339
0.99 267
0.98 5723
0.97 83
0.96 108
0.95 99
0.94 211
0.93 5605
0.92 171
0.91 17
0.9 544
0.89 171
0.88 305
0.87 62
0.86 262
0.85 106
0.84 238
0.83 97
0.82 319
0.81 36
0.8 1097
0.79 327
0.78 136
0.77 137
0.76 252
0.75 1325
0.74 395
0.73 7
0.72 335
0.71 32
0.7 5265
0.69 400
0.68 22
0.67 142
0.66 293
0.65 51
0.64 422
0.63 12
0.62 472
0.61 23
0.6 99
0.59 510
0.58 79
0.57 172
0.56 372
0.55 159
0.54 517
0.53 12
0.52 595
0.51 25
0.5 4014
0.49 544
0.48 11
0.47 22
0.46 11
0.45 30
0.44 21
0.43 18
0.42 7
0.41 27
0.4 87
0.39 14
0.38 21
0.37 14
0.36 15
0.35 31
0.34 20
0.33 47
0.32 29
0.31 19
0.3 165
0.29 19
0.28 38
0.27 19
0.26 18
0.25 166
0.24 21
0.23 18
0.22 149
0.21 35
0.2 1417
0.19 18
0.18 80
0.17 24
0.16 24
0.15 352
0.14 53
0.13 44
0.12 105
0.11 272
0.1 1256
0.09 170
0.08 939
0.07 124
0.06 121
0.05 631
0.04 208
0.03 429
0.02 1044
0.01 3115
tip_amount 1
0.0 1562559
